272
337
512
881
1 552
2 657
4 352
6 817
10 256
14 897
20 992
641
707,087787224224
882,28703116659
1 251,32513384524
1 922,33489966973
3 027,3454305377
4 722,36845364868
7 187,33417608088
10 626,2786949685
15 267,0558378762
21 361
1 312
1 378,23969217876
1 553,30926593008
1 922,32887223513
2 593,33883363544
3 698,36922990778
5 393,53111527351
7 858,35790786809
11 297,2821558542
15 938,0563322884
22 032
2 417
2 483,04109991827
2 657
3 026
3 697
4 802
6 498,09110021652
8 962
12 401
17 042
23 137
4 112
4 178,00690733086
4 352
0
0
6 497
8 193,0154860256
10 657
0
18 737
24 832
6 577
6 643,00034406686
6 817
0
0
8 962
10 658,0018159371
13 122
0
21 202
27 297
10 016
10 081,9951570703
10 256
0
0
12 401
14 096,9954095971
16 561
0
24 641
30 736
14 657
14 722,9705983549
14 897
0
0
17 042
18 737,9706416452
21 202
0
29 282
35 377
20 752
20 817,8284330592
20 992
0
0
23 137
24 832,8284402742
27 297
0
35 377
41 472
28 577
28 642
28 817
0
0
30 962
32 657
35 122
0
43 202
49 297
